%YAML:1.0
#YAML1.0に則ります.
#ID=-1はデフォルト設定値とします。
#インデントを守ってください.{}で囲みます.
#{}内は","区切りとします.
#少数点でEを利用するときは必ず小数第一位以上記載のこと　例1.0E-02
---
LMT:
 - {ID: -1,
   TYPE: 1,
   PKG_SIZE: 44.00,
   REF_SIZE: 30.6250,
   REF_DIAM: 4.3750,
   LEAG_LENGTH: 21.00,
   FDP_LENGTH: 17.00,
   AR_SIZE: 21.00,
   STY: [-7.3346E-07, -1.6665E-06, 1.9630E-01, 4.5375E-01, 20.0],
   STX: [-7.5399E-07, -9.3718E-07, 1.9799E-01, -9.5812E-02, 20.0]}
 - {ID: 10,
   TYPE: 2,
   PKG_SIZE: 200.00,
   REF_SIZE: 157.50,
   REF_DIAM: 22.50,
   LEAG_LENGTH: 111.0,
   FDP_LENGTH: 111.0,
   AR_SIZE: 100.00,
   STY: [-5.1400E-07, 8.7487E-06, 1.8871E-01, -3.4685E-01, 20.0],
   STX: [-5.1692E-07, 9.7753E-06, 1.8775E-01, -2.0259E-01, 20.0],
   HSY0: [6.5425E-07, 1.3144E-04, 1.9929E-02, 26.9940],
   HSY1: [8.1766E-08, 6.8037E-07, 1.3182E-02, 21.6574],
   HSY2: [6.6654E-08, -8.0059E-07, 1.3551E-02, 16.2767],
   HSY3: [4.7941E-08, -1.5831E-06, 1.4051E-02, 10.8750],
   HSY4: [6.1756E-08, -2.1201E-06, 1.3719E-02, 5.4657],
   HSY5: [7.6735E-08, 5.8380E-08, 1.3839E-02, 0.0192],
   HSY6: [5.7618E-08, 1.6122E-06, 1.4042E-02, -5.4345],
   HSY7: [6.0449E-08, -5.7919E-07, 1.3780E-02, -10.8238],
   HSY8: [9.2727E-08, 3.4125E-06, 1.3345E-02, -16.2496],
   HSY9: [1.0186E-07, 3.3540E-07, 1.3318E-02, -21.5810],
   HSY10: [5.6956E-07, -1.1853E-04, 2.0334E-02, -26.9698],
   HSX0: [4.4905E-07, 8.6762E-05, 1.9183E-02, 26.9393],
   HSX1: [6.3387E-08, -9.3008E-07, 1.4823E-02, 21.5588],
   HSX2: [5.5686E-08, -3.1444E-06, 1.4954E-02, 16.2288],
   HSX3: [4.6931E-08, 2.0956E-06, 1.5294E-02, 10.8184],
   HSX4: [4.5244E-08, 1.2260E-06, 1.5381E-02, 5.4054],
   HSX5: [3.8019E-08, -7.1803E-07, 1.5586E-02, 0.0033],
   HSX6: [4.6472E-08, 7.2406E-07, 1.5401E-02, -5.4643],
   HSX7: [5.3242E-08, -1.1476E-06, 1.5297E-02, -10.8593],
   HSX8: [5.5358E-08, 2.3916E-06, 1.5335E-02, -16.2651],
   HSX9: [5.9301E-08, 2.8431E-07, 1.5146E-02, -21.6165],
   HSX10: [4.4200E-07, -9.3197E-05, 2.0296E-02, -26.9821]}



