%YAML:1.0
#YAML1.0に則ります.
#ID=-1はデフォルト設定値とします。
#インデントを守ってください.{}で囲みます.
#{}内は","区切りとします.
#少数点でEを利用するときは必ず小数第一位以上記載のこと　例1.0E-02
#Marker Ver.A.0.09
---
LMT:
 - {ID: 0,
   TYPE: 1,
   PKG_SIZE: 44.00,
   REF_SIZE: 30.6250,
   REF_DIAM: 4.3750,
   LEAG_LENGTH: 21.00,
   FDP_LENGTH: 17.00,
   AR_SIZE: 21.00,
   STY: [-7.3346E-07, -1.6665E-06, 1.9630E-01, 4.5375E-01, 20.0],
   STX: [-7.5399E-07, -9.3718E-07, 1.9799E-01, -9.5812E-02, 20.0]}
 - {ID: 1,
   TYPE: 1,
   PKG_SIZE: 44.00,
   REF_SIZE: 30.6250,
   REF_DIAM: 4.3750,
   LEAG_LENGTH: 21.00,
   FDP_LENGTH: 17.00,
   AR_SIZE: 21.00,
   STY: [-7.3346E-07, -1.6665E-06, 1.9630E-01, 4.5375E-01, 20.0],
   STX: [-7.5399E-07, -9.3718E-07, 1.9799E-01, -9.5812E-02, 20.0]}
 - {ID: 2,
   TYPE: 1,
   PKG_SIZE: 44.00,
   REF_SIZE: 30.6250,
   REF_DIAM: 4.3750,
   LEAG_LENGTH: 21.00,
   FDP_LENGTH: 17.00,
   AR_SIZE: 21.00,
   STY: [-7.3346E-07, -1.6665E-06, 1.9630E-01, 4.5375E-01, 20.0],
   STX: [-7.5399E-07, -9.3718E-07, 1.9799E-01, -9.5812E-02, 20.0]}
 - {ID: 3,
   TYPE: 1,
   PKG_SIZE: 44.00,
   REF_SIZE: 30.6250,
   REF_DIAM: 4.3750,
   LEAG_LENGTH: 21.00,
   FDP_LENGTH: 17.00,
   AR_SIZE: 21.00,
   STY: [-7.3346E-07, -1.6665E-06, 1.9630E-01, 4.5375E-01, 20.0],
   STX: [-7.5399E-07, -9.3718E-07, 1.9799E-01, -9.5812E-02, 20.0]}
 - {ID: 4,
   TYPE: 1,
   PKG_SIZE: 44.00,
   REF_SIZE: 30.6250,
   REF_DIAM: 4.3750,
   LEAG_LENGTH: 21.00,
   FDP_LENGTH: 17.00,
   AR_SIZE: 21.00,
   STY: [-7.3346E-07, -1.6665E-06, 1.9630E-01, 4.5375E-01, 20.0],
   STX: [-7.5399E-07, -9.3718E-07, 1.9799E-01, -9.5812E-02, 20.0]}
 - {ID: 5,
   TYPE: 1,
   PKG_SIZE: 44.00,
   REF_SIZE: 30.6250,
   REF_DIAM: 4.3750,
   LEAG_LENGTH: 21.00,
   FDP_LENGTH: 17.00,
   AR_SIZE: 21.00,
   STY: [-7.3346E-07, -1.6665E-06, 1.9630E-01, 4.5375E-01, 20.0],
   STX: [-7.5399E-07, -9.3718E-07, 1.9799E-01, -9.5812E-02, 20.0]}
 - {ID: 6,
   TYPE: 1,
   PKG_SIZE: 44.00,
   REF_SIZE: 30.6250,
   REF_DIAM: 4.3750,
   LEAG_LENGTH: 21.00,
   FDP_LENGTH: 17.00,
   AR_SIZE: 21.00,
   STY: [-7.3346E-07, -1.6665E-06, 1.9630E-01, 4.5375E-01, 20.0],
   STX: [-7.5399E-07, -9.3718E-07, 1.9799E-01, -9.5812E-02, 20.0]}
 - {ID: 7,
   TYPE: 1,
   PKG_SIZE: 44.00,
   REF_SIZE: 30.6250,
   REF_DIAM: 4.3750,
   LEAG_LENGTH: 21.00,
   FDP_LENGTH: 17.00,
   AR_SIZE: 21.00,
   STY: [-7.3346E-07, -1.6665E-06, 1.9630E-01, 4.5375E-01, 20.0],
   STX: [-7.5399E-07, -9.3718E-07, 1.9799E-01, -9.5812E-02, 20.0]}
 - {ID: 8,
   TYPE: 1,
   PKG_SIZE: 44.00,
   REF_SIZE: 30.6250,
   REF_DIAM: 4.3750,
   LEAG_LENGTH: 21.00,
   FDP_LENGTH: 17.00,
   AR_SIZE: 21.00,
   STY: [-7.3346E-07, -1.6665E-06, 1.9630E-01, 4.5375E-01, 20.0],
   STX: [-7.5399E-07, -9.3718E-07, 1.9799E-01, -9.5812E-02, 20.0]}
 - {ID: 9,
   TYPE: 1,
   PKG_SIZE: 44.00,
   REF_SIZE: 30.6250,
   REF_DIAM: 4.3750,
   LEAG_LENGTH: 21.00,
   FDP_LENGTH: 17.00,
   AR_SIZE: 21.00,
   STY: [-7.3346E-07, -1.6665E-06, 1.9630E-01, 4.5375E-01, 20.0],
   STX: [-7.5399E-07, -9.3718E-07, 1.9799E-01, -9.5812E-02, 20.0]}
 - {ID: 10,
   TYPE: 0,
   PKG_SIZE: 10.000,
   REF_SIZE: 6.950,
   REF_DIAM: 1.275,
   LEAG_LENGTH: 4.750,
   FDP_LENGTH: 4.750,
   AR_SIZE: 4.750,
   STY: [-7.3346E-07, -1.6665E-06, 1.9630E-01, 4.5375E-01, 20.0],
   STX: [-7.5399E-07, -9.3718E-07, 1.9799E-01, -9.5812E-02, 20.0]}
 - {ID: 11,
   TYPE: 0,
   PKG_SIZE: 10.000,
   REF_SIZE: 6.950,
   REF_DIAM: 1.275,
   LEAG_LENGTH: 4.750,
   FDP_LENGTH: 4.750,
   AR_SIZE: 4.750,
   STY: [-7.3346E-07, -1.6665E-06, 1.9630E-01, 4.5375E-01, 20.0],
   STX: [-7.5399E-07, -9.3718E-07, 1.9799E-01, -9.5812E-02, 20.0]}
 - {ID: 12,
   TYPE: 0,
   PKG_SIZE: 10.000,
   REF_SIZE: 6.950,
   REF_DIAM: 1.275,
   LEAG_LENGTH: 4.750,
   FDP_LENGTH: 4.750,
   AR_SIZE: 4.750,
   STY: [-7.3346E-07, -1.6665E-06, 1.9630E-01, 4.5375E-01, 20.0],
   STX: [-7.5399E-07, -9.3718E-07, 1.9799E-01, -9.5812E-02, 20.0]}
 - {ID: 13,
   TYPE: 0,
   PKG_SIZE: 10.000,
   REF_SIZE: 6.950,
   REF_DIAM: 1.275,
   LEAG_LENGTH: 4.750,
   FDP_LENGTH: 4.750,
   AR_SIZE: 4.750,
   STY: [-7.3346E-07, -1.6665E-06, 1.9630E-01, 4.5375E-01, 20.0],
   STX: [-7.5399E-07, -9.3718E-07, 1.9799E-01, -9.5812E-02, 20.0]}
 - {ID: 14,
   TYPE: 0,
   PKG_SIZE: 10.000,
   REF_SIZE: 6.950,
   REF_DIAM: 1.275,
   LEAG_LENGTH: 4.750,
   FDP_LENGTH: 4.750,
   AR_SIZE: 4.750,
   STY: [-7.3346E-07, -1.6665E-06, 1.9630E-01, 4.5375E-01, 20.0],
   STX: [-7.5399E-07, -9.3718E-07, 1.9799E-01, -9.5812E-02, 20.0]}
 - {ID: 15,
   TYPE: 0,
   PKG_SIZE: 10.000,
   REF_SIZE: 6.950,
   REF_DIAM: 1.275,
   LEAG_LENGTH: 4.750,
   FDP_LENGTH: 4.750,
   AR_SIZE: 4.750,
   STY: [-7.3346E-07, -1.6665E-06, 1.9630E-01, 4.5375E-01, 20.0],
   STX: [-7.5399E-07, -9.3718E-07, 1.9799E-01, -9.5812E-02, 20.0]}
 - {ID: 16,
   TYPE: 0,
   PKG_SIZE: 10.000,
   REF_SIZE: 6.950,
   REF_DIAM: 1.275,
   LEAG_LENGTH: 4.750,
   FDP_LENGTH: 4.750,
   AR_SIZE: 4.750,
   STY: [-7.3346E-07, -1.6665E-06, 1.9630E-01, 4.5375E-01, 20.0],
   STX: [-7.5399E-07, -9.3718E-07, 1.9799E-01, -9.5812E-02, 20.0]}
 - {ID: 17,
   TYPE: 0,
   PKG_SIZE: 10.000,
   REF_SIZE: 6.950,
   REF_DIAM: 1.275,
   LEAG_LENGTH: 4.750,
   FDP_LENGTH: 4.750,
   AR_SIZE: 4.750,
   STY: [-7.3346E-07, -1.6665E-06, 1.9630E-01, 4.5375E-01, 20.0],
   STX: [-7.5399E-07, -9.3718E-07, 1.9799E-01, -9.5812E-02, 20.0]}
 - {ID: 18,
   TYPE: 0,
   PKG_SIZE: 10.000,
   REF_SIZE: 6.950,
   REF_DIAM: 1.275,
   LEAG_LENGTH: 4.750,
   FDP_LENGTH: 4.750,
   AR_SIZE: 4.750,
   STY: [-7.3346E-07, -1.6665E-06, 1.9630E-01, 4.5375E-01, 20.0],
   STX: [-7.5399E-07, -9.3718E-07, 1.9799E-01, -9.5812E-02, 20.0]}
 - {ID: 19,
   TYPE: 0,
   PKG_SIZE: 10.000,
   REF_SIZE: 6.950,
   REF_DIAM: 1.275,
   LEAG_LENGTH: 4.750,
   FDP_LENGTH: 4.750,
   AR_SIZE: 4.750,
   STY: [-7.3346E-07, -1.6665E-06, 1.9630E-01, 4.5375E-01, 20.0],
   STX: [-7.5399E-07, -9.3718E-07, 1.9799E-01, -9.5812E-02, 20.0]}
 - {ID: 20,
   TYPE: 0,
   PKG_SIZE: 20.000,
   REF_SIZE: 13.900,
   REF_DIAM: 2.550,
   LEAG_LENGTH: 9.500,
   FDP_LENGTH: 9.500,
   AR_SIZE: 9.50,
   STY: [-7.3346E-07, -1.6665E-06, 1.9630E-01, 4.5375E-01, 20.0],
   STX: [-7.5399E-07, -9.3718E-07, 1.9799E-01, -9.5812E-02, 20.0]}
 - {ID: 21,
   TYPE: 0,
   PKG_SIZE: 20.000,
   REF_SIZE: 13.900,
   REF_DIAM: 2.550,
   LEAG_LENGTH: 9.500,
   FDP_LENGTH: 9.500,
   AR_SIZE: 9.50,
   STY: [-7.3346E-07, -1.6665E-06, 1.9630E-01, 4.5375E-01, 20.0],
   STX: [-7.5399E-07, -9.3718E-07, 1.9799E-01, -9.5812E-02, 20.0]}
 - {ID: 22,
   TYPE: 0,
   PKG_SIZE: 20.000,
   REF_SIZE: 13.900,
   REF_DIAM: 2.550,
   LEAG_LENGTH: 9.500,
   FDP_LENGTH: 9.500,
   AR_SIZE: 9.50,
   STY: [-7.3346E-07, -1.6665E-06, 1.9630E-01, 4.5375E-01, 20.0],
   STX: [-7.5399E-07, -9.3718E-07, 1.9799E-01, -9.5812E-02, 20.0]}
 - {ID: 23,
   TYPE: 0,
   PKG_SIZE: 20.000,
   REF_SIZE: 13.900,
   REF_DIAM: 2.550,
   LEAG_LENGTH: 9.500,
   FDP_LENGTH: 9.500,
   AR_SIZE: 9.50,
   STY: [-7.3346E-07, -1.6665E-06, 1.9630E-01, 4.5375E-01, 20.0],
   STX: [-7.5399E-07, -9.3718E-07, 1.9799E-01, -9.5812E-02, 20.0]}
 - {ID: 24,
   TYPE: 0,
   PKG_SIZE: 20.000,
   REF_SIZE: 13.900,
   REF_DIAM: 2.550,
   LEAG_LENGTH: 9.500,
   FDP_LENGTH: 9.500,
   AR_SIZE: 9.50,
   STY: [-7.3346E-07, -1.6665E-06, 1.9630E-01, 4.5375E-01, 20.0],
   STX: [-7.5399E-07, -9.3718E-07, 1.9799E-01, -9.5812E-02, 20.0]}
 - {ID: 25,
   TYPE: 0,
   PKG_SIZE: 20.000,
   REF_SIZE: 13.900,
   REF_DIAM: 2.550,
   LEAG_LENGTH: 9.500,
   FDP_LENGTH: 9.500,
   AR_SIZE: 9.50,
   STY: [-7.3346E-07, -1.6665E-06, 1.9630E-01, 4.5375E-01, 20.0],
   STX: [-7.5399E-07, -9.3718E-07, 1.9799E-01, -9.5812E-02, 20.0]}
 - {ID: 26,
   TYPE: 0,
   PKG_SIZE: 20.000,
   REF_SIZE: 13.900,
   REF_DIAM: 2.550,
   LEAG_LENGTH: 9.500,
   FDP_LENGTH: 9.500,
   AR_SIZE: 9.50,
   STY: [-7.3346E-07, -1.6665E-06, 1.9630E-01, 4.5375E-01, 20.0],
